75549944870
30803235389
21188428908
40346473236
49237456911
55173798434
14745791351
68889432832
93716493449
20010582196
94926031447
80683902521
58238774791
35932536109
17124186448
87116879847
90859836808
89770918799
16267088017
66803899915
72519948921
11390030038
62391415282
88941673606
34781435843
12440196361
19493655114
57960382774
14173128998
39036157753
21252080024
48194560857
60379281575
90115486118
51430503140
69431703062
26614216616
95069186335
58725455482
65684224660
13234958736
66808984162
29766627740
76464225526
38018554240
59029223185
93184587782
30530579476
72307321235
13758201398
49104239595
55627478875
18717221355
43994449823
92302499790
63163537342
72461818164
79409159627
79347145707
58300752323
62963988811
98553690505
86130642218
74715159732
94811907409
70479364982
74378283207
77810442381
92689617531
58573205449
75012982246
78327085623
50037673908
85994186416
63788714017
92208497636
84638918004
10318184888
16858207785
34587967684
33906874600
50085574875
63153036020
48127905961
60190900623
96769375915
58953910994
57606929355
55840656660
49797875340
97466334441
49952355632
49569543629
10056580167
22125327409
90528031055
13092673064
59536150077
59558505193
70922069472
41836769089
56527805818
98336835683
59935663482
65243227686
47470705573
29291919967
20173374121
76874378658
54948812937
45852977239
18346602222
29670227021
67241421969
70351755478
85357217197
63003348050
50225062700
83035552733
68130309176
44997749572
95647626564
71013933023
31150891676
44526284074
14704866999
32117777126
16297240726
71221582537
88448040809
45350781714
12096405615
62429707287
73565150413
10613782177
37733202999
63585817628
19566213015
73843669884
99148245688
84266595138
20636977795
82079111300
41612224980
18516888597
57217328288
52809032021
72527359386
67930953130
99108691942
51513543594
68083584646
29152857034
68410079703
64790076640
73583074573
73373725343
98222389836
98250883937
49021324930
45023439417
26415116010
23555934398
52619833616
73108204860
96693787275
83199239222
12780459782
49310161449
70203388533
64121170861
97566061466
95254397716
28103499676
62113952845
97055354388
38646880721
57486745566
97126176479
80637012572
67231629769
80077422669
34617007432
13042005418
46245161672
47135508540
32764598034
48781674296
57878550718
54902120338
54058717044
37538425058
47500209001
60146731855
11675213219
70560032842
18104369530
72194386384
74249209050
36782492246
60169571085
81814053699
11391809466
82715886188
28208776781
26222380673
23422081952
65304506682
26320285140
82005957434
55413458124
74888879723
31794527909
16461981774
26612032399
37447308589
62131586914
51050034596
29541436636
98029834911
99521768746
94445779512
50286216562
82363765654
63333462239
67278620654
55624274903
77482273661
60936178732
50427967731
30877444612
77044526843
76934110528
45258059125
44208543681
73172371698
76279579770
86844647369
89021199731
41760946551
84817220542
24612451286
29232924352
96800484864
84829413339
48499369526
19386213976
40682955690
94024448409
53680436262
80981434187
56799026653
15464099514
98863644922
32722370403
92295620732
56200317743
44217949488
10036679221
67652439126
65826245055
52881154743
22179766156
38157413341
32991676817
73309854713
22736336339
40701582688
31804205304
60939159366
38827377060
23540293153
18489454913
11101997620
58597136818
62391888389
65110583985
71588898796
72763572388
60154710776
64558664395
61056466283
93248112911
31081164885
95924158695
17137957291
17712053056
18375764844
11893089505
74436561868
13298536472
19694315166
10743796464
43556138730
89312730312
99793074729
99324302110
39333275929
13663040770
76117194270
92042407398
60592935543
66090203644
13683541916
52689706555
83623595168
15761988300
65596360008
51916722108
61590945970
80819166398
60625965179
69528472386
74608999326
99761257206
26145812428
55893938192
26770217462
86318378036
26804728063
94048133498
88960376039
79853635594
19286863616
28563394656
32555146681
91765133482
64990530457
79253111279
80481492379
93695730772
50617774456
84997626849
66012942777
33693254149
9749670257
79735866706
80323008121
90417534155
62244728974
17305019284
15002104243
99911461336
87370875665
79281893816
36287831626
19671157766
32829399826
99151985921
9910004707
90775703724
22039062370
55625826304
27248581204
18235887467
25323660019
58523205125
96324503663
32582700776
74848498107
56773936235
50763415919
10673556341
87179232308
42148169890
30843207331
23241280954
13181630439
88767382277
54586495133
81758617337
11165263055
31497563903
98982594242
96962630021
19591905613
99462563618
24566820489
29209700874
92082502648
98394614759
55688497444
72188475602
51916424321
58576433106
57506325983
42339985363
41931563994
90468785584
41316705809
25502454110
29685054047
78214304470
81023594902
55023317734
67127414322
83847098510
79649666127
46891154561
70913243483
37967336834
25810389946
50403446544
75587334338
62273583393
80591092336
80595844687
41540026105
29453206132
43958559990
64968790993
84091035612
73193641967
48810249103
44497960580
90708327613
49287970098
63820510532
99459482955
90276104269
53952790919
57767503074
67512374139
70591420469
57316308149
97281767418
77209342068
65130125248
70665242969
79977484175
49931345609
89611281518
63410487010
66911644865
24841942500
35326315621
89839929466
76193129962
84432161634
40586288845
88766505313
77700717881
43901694131
86185652013
20829733844
45797652276
54615507092
84138079297
49452645367
26602141479
87813850225
87293576402
44655190284
48491772699
31805345606
38832875689
86652711671
16811928099
95923015139
22205951865
43560043423
26270530088
30223760717
28818673696
96556856240
74565700036
80872053424
23019261014
22812114952
9714646333
97041012410
40007029024
67620068207
33597318975
24070791150
55957024035
97665290415
14417451439
33701893061
30417276155
67224033639
41367800381
19838887604
46064434240
46136341739
18860459035
39294998072
31486823604
24124850027
33306944764
40833720227
83009792690
67892419502
15483230744
12738172378
78380484829
89523257585
14020745976
79621345324
39413531576
44770553582
27809355024
69543708310
74209639503
45534615994
22452910501
55765833734
22080355498
33438217449
15001326518
25457495266
63086198311
50626026081
39831285550
91069741350
70421363574
28737553568
79002037354
9961219177
96935838855
89341237013
96243661981
59638944484
75542637148
58880778592
55354587413
91073718286
45852298162
25597772305
44262152489
69412702599
85069110655
93587964435
94269185550
61590103908
69650773763
46328392553
95729904950
41782024170
26624724219
39256818229
51261992664
18376747215
74079300149
55058205474
59073665718
23312941368
50097952381
59119851157
32588931496
53363373021
38182433515
16429938283
56551485015
24946235752
38419852769
53955815588
67409300881
89394333784
78711501364
34117549483
77305534667
34809769572
12753157032
79278187494
62906700586
48183650332
28152458545
67794012595
47802880142
46303344216
31017127638
78938250780
96472325962
36810967157
22855468969
58055001676
24320118411
58724551719
93423599236
39503881093
30559818813
77673510351
65416522757
68692415208
73822214452
93486192257
57936992529
9469891503
29694816801
47584970770
68423931312
86179684789
71040925120
50943874199
62733961526
77393782214
91749843180
93531017994
83821750149
36964128030
35632629002
13780228021
15626266953
95033082675
33961970567
10782341745
62244758568
77143689619
42471868760
9957047745
37458845911
38139757631
82181695575
14771998399
92842846482
65400441308
84018358375
33246911164
58917483298
44773300480
36300509168
64330613049
42983807736
94313684526
42478754655
93242898184
93210496051
59347574140
14340294129
12067390291
23005071691
11253316047
93879179369
54874384786
79649860752
69005689800
95189758710
89644167828
63240856466
54827032369
24765411403
63828606480
90525555045
85643114713
60865842598
20200069659
12147114362
95575838520
25806419173
85041496766
63973238189
21440592369
30686017012
51689213556
26296545977
86295965804
49485686724
43371469192
64400377197
68667764122
75786183294
11516513518
54479062484
88358436483
20946768375
9196072728
62118358837
51482014185
24591111170
59553588516
61441080258
63271198487
66936640567
40141374983
19859373607
28780191229
12783830120
95676710373
12182020316
27544927917
64188746483
10600984683
38372553297
13024149549
30496250726
13418668762
36262886632
24351307594
35747780508
60883553830
43024117636
59569289399
46186549298
83153512511
86771942143
59665003735
53290602780
78211002720
28366727869
49024674322
78235824271
75374200656
70657865256
73560939592
32146195583
84417395775
78733321886
11436445597
51555972594
35341450480
61673595585
73172375526
87209614091
67915578649
32311502690
59229245421
29589767576
91985563676
88667139824
98570608874
57931974248
68880076655
99725660231
72586585506
54411008659
55328928649
81715942957
27156402204
85128213247
32861678722
54877028864
15964797986
67365867140
93442281645
25105563029
49135012955
79763830864
19163418538
22199449401
42102259791
51071772454
35835570463
92598597216
60422763033
23590027060
31134259909
63006140071
51928493275
74245912196
71764399647
30045768289
93638521627
64141785846
34205479171
58929428805
97090003155
28120240078
84187070880
42130903307
42033765792
56865712965
45285071436
74202630893
63175588376
47662692454
94131710517
91596101060
97181119967
52323831092
32887323600
74016145046
36069488484
26397262906
86927911934
84318498399
84117100939
60341105728
23436993844
82714239265
50347112735
75284505715
65541558735
68752211067
72388713076
15117666243
63737521275
71724911542
79861276843
53383859904
15296355033
37477026985
23727732729
32651419235
99212819416
53850715430
85990540603
50237335263
78017574372
22091651697
83994657835
92464325573
24270602195
87295246759
43297388062
44391651853
96331508614
96914452842
41482726235
51366644572
26674389547
95647079397
73297317534
55634845949
10120478367
10227099631
63551846072
62838516058
35393564925
34949224817
70265567829
49576539292
68176626928
45121149115
23185008234
37319892130
68470068201
98843187936
25920919759
30569699681
90305446466
68458151490
50881031128
38768800598
38885503148
11646370661
42759214166
13057373295
75495136812
75928608590
54899331732
32472704018
30683152894
52511054545
10466549435
82536176148
62238287411
52432526127
61970439185
46191433004
85777093195
52147263930
59116768596
38719020839
66591284520
78081145850
48146574193
30111161040
57924287232
46617587391
80855722894
49273786325
50146414249
68455967176
47007875062
75572645525
22759497490
87540621052
15647758160
76038774184
32695986043
87130589168
62678029122
42577098740
45754549178
61759590846
37094636052
87950267163
60081127797
61020287156
86393440391
24053050759
24686409611
55500903144
32270266356
91923257580
19019859847
81140173023
87556320851
65236445766
82236793984
83428139172
25417823501
27701023763
79617570183
79982513574
41298618376
50566667632
91185501668
43691128079
75251410049
46831618174
10121858132
28980256398
20636346040
19728881663
93766737135
14412258851
75849067182
29933865351
45665520659
37831893710
37815952558
47510808934
63418502337
73181683562
51879111104
31897961118
20631045089
93775868985
83844911495
99950014900
16488348334
75852600763
84342275068
52890046709
52506425942
58178348572
51668073132
34732447082
67219777787
78864020902
47557579189
20796026099
13078890600
48551036924
52257842645
92495918565
9022392345
83915961672
13780955217
89172970141
48478114887
61365544759
65937138052
99886712707
93246883120
19691119005
14173635488
31057197396
70182615888
29712936316
39471267110
17408224016
23342355752
76006246271
98381457831
63013480982
97332967799
25873025917
30172328645
58484078453
13086709589
37658341535
42356933336
81459441266
28416544848
87252194590
69125577720
57417333450
84210965939
86536268562
60469903053
93441893463
37970015279
23587140107
25860546228
46932754662
35492556983
80981110889
48292122694
27057769562
97470365885
99018315663
90740290391
57828073829
57516003386
97537531133
36671347712
57642266996
87273856859
47689719998
32350819685
75960992991
21106966927
44527462176
92623123457
64156265399
9180052989
14482301648
91777698633
53961965088
28174321240
57016546656
50632123720
91048294720
18632229546
10747463849
59179784357
16042785215
15584807516
11467575977
99871163802
47247492025
96698408078
80604752101
39451879281
23528518619
73620646708
39524661738
17063586407
91770523520
63460238303
60148978738
40181276257
72766292326
72186054046
56631437407
62118088771
17814781055
75891908339
61341120360
81092254642
86870942219
38467589220
77513321086
76340135449
18954597245
54088266781
45229734328
49637933171
38507704481
72097802030
77005162549
26619255516
30475942485
35499144964
59341203998
18039052033
60190673362
47635466021
80387315544
55457838123
36536583099
90681997084
39112270446
16292604940
78415823219
46499617447
74265873325
46478650871
62768058740
76351862988
83527707614
15058758452
45822048165
78281012249
31626439365
91098601008
10478221974
13066751408
28331113837
49683558369
22806571094
38159990933
97593904972
82512182553
12638436628
15123398057
34310385622
85094321003
55904249792
55086517177
20706045213
21638449896
28796853951
40431486755
14879531506
94062446519
99127822990
10317193388
28024475248
99232708627
88816050494
15430605856
24018347263
39721272132
43010184953
61712237378
59324371286
63946497676
86914630837
46707885517
16377080772
92302337556
74001318486
52688648849
65615642160
94859990486
87669001154
42419955872
19565178486
88556353604
51720180840
94035690561
18705282176
24444882913
57140799483
12295493253
12893825762
83158033796
71194329403
63165558698
57151936817
22212135986
93951576405
49309244638
55682237877
66274840930
70501994588
88103190907
67295137862
46004185384
65878576360
11260040844
10225058496
61598447582
31721839474
43559429336
48200146944
86067024490
93606677911
40650553310
38058262955
76178348922
25000776086
40111077916
69650979539
25074492802
71283501599
92381117736
38960806242
60588883476
49569353879
80048832473
24281177810
52886750945
52132458573
62108143833
42579614101
46456540584
42259967569
66781075697
71076888229
54781289537
36984355951
64944908926
51217245977
16282842449
16568107550
48701575614
76127146569
31580628710
88306630209
84133110388
99726317135
13127013973
17775497978
73713241466
92200928732
10756153226
98142723542
41119070180
36598856900
92117187072
68356933473
89546425617
16545000731
16903481702
94926740987
88810509115
65393543363
77955035489
61862703609
68616644504
31572957438
14371418868
80261458118
87107394119
84851025123
57934896837
93155496544
73839941448
62368813870
67677445103
21330707617
86833535380
90911361297
33998233787
82189228741
95404191063
39784830881
36703287530
74013661916
72231175219
25789969719
93518737690
53063934727
11063108228
39990671382
22598202213
74507112522
80143793104
26170163602
53356371045
91603517618
70869749841
86954386152
23082931814
68733603142
37861370865
83857826966
11554857458
19747004355
46398832419
70429061232
46229300793
64367445410
89426548573
47438115345
66277560782
14745565880
35262124057
87277699952
85159127889
21165449802
51711073862
70041566774
66492633846
36158723260
17824825262
94863555953
46678613070
38358659464
22258356545
60204070164
13401409386
35349021612
62899791704
81866123506
35965954093
68104712675
52170877239
87464789999
69127400516
41870412270
79892106933
23273567440
41872233280
23293883387
35241333146
93549974534
34180917748
44616515638
68485202814
69050386570
53787223346
14226106261
99702552757
37276211268
56781400057
46773085882
17018985242
73159118966
98371651361
52706891659
75983121924
61097558659
35397329254
60971843573
76349566290
35778667809
10727764315
50603388140
15045928360
89312795354
59540633927
62850423402
32617167221
35076853133
11938253172
86579572999
26967950659
77571225043
30763650497
56832277621
90757195440
19762067777
21605388336
68530821985
78202177201
95195779294
54223306426
64606868578
56189759380
45845365845
76446748481
17467717538
50954834567
87953113971
94142569808
36589120286
12214179581
43634369721
25265838174
70187214584
49764552108
71768001468
25474105001
43226210922
86205099259
38419576818
60884472280
93363985246
61185262165
28486880231
29231171346
31058033918
55977906678
34877227662
21209829072
53373584402
46546704336
45896153676
91842745827
16582630805
41627122383
74319306140
54232490950
35537071692
23673332617
21924868125
12965476108
78797879508
91281118955
15311817795
93649561749
29864348695
19549986896
61785684631
23947513395
59394815757
73704333535
42374747136
72621647780
18934451551
63947969786
22119836563
94616564717
52577870290
34905729626
70365423459
78466757686
84676110705
77315617505
66407267539
65509700792
75060008359
13094962482
53948383768
36517901202
61838576436
61603432744
33642888233
66991520225
32790694541
28943337405
99712527588
12835286585
49309301188
81156710935
46202004208
12659393263
65525498949
9555524626
26061025517
93897682080
22279139679
45967758923
60251045872
57553751871
26441950249
68037462519
32967386190
31725442194
61246922611
41462506750
99694158054
13358900169
69656627896
78438668298
46951258092
52005212505
90526122056
43021939229
65814895447
30067408530
87666362698
75750027184
28293513898
87344398054
9677477761
99160325720
28746909571
80164821210
84634117687
28239941234
45066073942
18485330318
17968083347
44615658022
84266535555
86400202982
93856525877
82768177296
88866909321
23656107449
53492607402
86564739579
58332855878
33264707344
21090915269
24724530144
35534416941
89726124048
62989588955
15621101712
43068913709
57831249389
96513513383
38639195886
26888168631
52942570814
92720313456
26658110950
82193505724
53993462306
97317835524
44790609117
97892374408
72054553759
17861814065
48784061252
36862152640
98110276891
57936521070
14166741563
10364032548
59200807718
95717849351
15204135573
56037168175
61616982454
63696329954
54139173098
19662418653
55693502147
54737515373
99405520537
14117775978
55000036315
64368856155
63710318633
98028449421
52838182232
68154975906
22785719935
18191212220
25516460013
31722847486
76833156242
92075526371
66574484131
64720033363
10275884665
66874267742
49708104896
63546768366
31418366891
87698650899
50061126299
88306282679
15800431646
67589737597
91174828383
46216067595
53769239741
47305415721
97348589083
18661328118
72437077718
34661453943
15499418887
61225089480
44937207431
35754889968
9015316936
46255641035
63485884288
52250918730
29710966066
30565272881
52629245197
21114469931
9404127059
98708171545
50459565930
91806883926
28263945114
58128400598
72300740639
51413099474
68273049741
76280750067
56197648698
77103741585
10118172325
52618042809
64102304367
95305690534
88749099451
97298933847
45417255359
19290009513
66231899387
29229869411
95648213004
20269206715
86750081536
75933933262
96749756706
12286706806
13030132386
79364119049
79232713490
27377039813
87764538099
72433479255
55281685559
11872845105
95508283968
71875494990
52190980755
82608966093
50237551843
60312450650
32937244182
92841063323
96114438607
81241180641
43968664037
25301446074
66885030660
68126717696
93440692422
58493476767
42426743522
83948870804
28591642101
44303520156
28851422545
89519228047
81853959317
53601323444
57188395183
59527520289
46588084357
44400852284
54456741596
27972929671
37444895159
94669089352
88343930595
64921050171
73146276364
72329015748
60671380643
33639012962
18153813104
46986073269
50517202111
40049448780
45332038580
10357557807
89842140017
75456952777
38838203337
93190885234
28656428823
64006424150
34701490332
71908078029
80442248940
54511162077
72762107051
39698230436
14794585359
14442344176
21337242838
81474502819
24314954141
51907025293
12668829648
67726691548
10056970094
80173088946
47021549881
92899330814
81505236337
46520476127
68740588786
15102319061
46611751029
71475643594
89874390149
95158140937
49405524036
90159061553
75944271180
48555146405
81239675210
70296355364
47949252850
35823142435
12425348962
40104592389
39849501019
80185781473
74588945943
44115037700
49353221180
38113410580
80507033044
33407572432
86683792913
24461965789
9391558977
20393168030
65944564545
22818155207
65618908088
81236698377
17508475045
96217019267
51389970905
69801152776
90685093146
12028156937
24197089570
65873368353
28328421403
65461515683
11752227098
41821574332
52743777517
54899685336
43693605255
49967229442
92563247325
88169252318
91789349347
15146122465
70470124230
27431445184
21310232587
96108099291
46934702648
20424176495
80684167360
89985916796
97623722582
54864316088
42657182726
76326291451
70256590351
90623507118
34270272788
37224271043
84205585771
60259374711
29083297307
78811406173
82857875275
73037090708
58504579266
46709516179
72766558603
71858207708
77617035971
73546590421
76417109571
73442804739
65814121036
90381005816
82939534117
47022009542
57516159078
94664366698
64228282091
24467450593
30999579360
41078479221
15196865817
87689470106
27063958693
13266839748
18451314329
48392297203
58835218445
11692831702
66462124304
34525928605
44936873759
9830218832
11510023965
92801010227
64512270698
66000468119
76828217078
67827327042
45252812089
80707928698
25573946637
44409208424
44972426431
45535265288
9491774869
77755644174
65558045335
20455289989
93740187893
12622121555
66223135029
70518186143
88460815522
74873684103
84394922860
77396500374
60838294918
23371145291
25843934817
78379045227
81070014531
53232850118
21425657932
86329158578
24259267214
83300559079
97759319612
73820122390
82439804304
62522376407
64051943378
80427954840
9985066916
68547457413
15420675960
46076504615
68932205310
33813732615
94249818058
25149212146
16665905930
49906473241
17812937782
25160669619
22093910500
96212136139
81976401421
38496148575
61812150821
34623591908
12089235896
30673969617
94783839576
90360666144
68817213038
64738026540
9185570455
48405502976
21084852553
35554123536
26880013395
97109830276
67748174419
94121122746
11838495318
45156012912
70328074370
56402608860
15773406190
36879450324
67397068795
44676634142
23406561858
13327754095
52455760871
60269491109
39888989710
54241039882
18838120512
49868523888
61649868865
72485150095
20816317395
18610116525
94480061535
88913119332
97914254925
95184718404
10849824347
67736376720
70293872956
17608274823
40249259898
59715250409
66145537163
59854719013
31942863062
54932506369
67934543909
18220506455
26056944996
64248381395
41720737539
70588512765
70804996441
77355376940
70339590909
97606268748
79937375753
85500123535
70779970219
10101086580
17976582986
13976450253
73552110540
90823272959
51172099999
44616372299
50501389313
28806360412
86230244608
82676880139
85867363977
50350987852
41309231241
38910611084
90078457572
64870126871
87177657950
67643591235
97307645527
52127212095
94780960733
56074163446
97031380183
69799900821
9066717291
93246268752
90069983528
50325840516
98864709985
39266928773
19058713734
30555695112
79320837116
59443247464
88738477524
22947442872
99144510857
41235408333
65545974851
57046230937
67718454800
93109939484
26580941553
92329904477
88603981339
40501560070
18122409525
97211370648
28069699936
71990537370
75838028635
20911415343
40309711925
59322982798
28152665519
16799697499
89919336262
73924504485
72569748715
83623096716
31589705549
37548365691
69829549196
11502942668
45476057396
94782709482
90564302389
76666009116
67807680998
46483121800
57444437557
14508876441
24034318806
78090812455
34425942829
43469989536
48726541425
57325635157
46156541643
90926147157
49727895056
20522007489
30272168611
48445788677
25009203548
41124833945
43749112197
76362954325
40586532559
19670302618
11230408990
65493034510
86863167561
91531702103
59991629652
30797218882
9069254323
82654286851
15754356174
51916576168
32502922515
73919486721
63248900803
61627781748
42885260505
88102879655
53236437186
57691647956
18314168943
87534188947
87680761806
37920157563
58394595334
80798592664
92493087407
76285593260
86625194218
26973892505
22293280006
18930520313
45543435520
9191796280
36424940326
15820951900
27048178590
47525598397
90060162257
27849507650
43957864272
58852318434
96734082168
57730156765
87362982044
75724755087
23358693153
65485235821
80778795331
87005401619
82532406373
42592842850
21295046169
48691511523
25211734346
61207294184
86344194768
32162241923
43635417168
88352232990
58673331172
69779162053
92215816545
88019787286
80219921968
66720140402
52691865263
90619367595
47875577733
55270222634
83038739278
86376607357
40953015210
33324910755
35113987821
85140646315
94019243911
41647694448
86049828741
38161725369
56379423272
68629473580
93972155562
45808479539
17177191526
97351782887
45656179681
87493231080
75812887530
13658179329
28400540176
20684234544
27997101573
64219480767
71789397512
47268961070
46799526738
35156520522
56630836269
15288542491
57307976469
79727561528
62003916296
56704937347
84003303403
19765745468
19423201044
21432364648
75893155040
13460030082
81332448821
56015044329
89207440707
24787107570
87212109963
30699107953
99459842638
55831832035
96188339299
43276513963
91845234646
29158384201
28217836766
42825688828
38107886944
28206398063
21834070782
43379065900
20324774648
60094048109
63244962526
75876127937
34636955808
94420432803
45258454219
83246911434
74767495488
55331023009
56371082733
70535302179
81342161972
94427576230
74551811626
97897404241
57189206816
69177131282
65401519574
42379072884
52326534938
67613604349
28878293340
9447752877
72615427482
99766748558
89640036993
50900171551
30692605859
33412913207
91098648840
37125300271
40995694375
53386300171
78627977893
91712719104
74234011053
77031668033
22230374692
93130646366
45935831308
83713334781
74950685379
57174065737
52905761482
81124922959
42997057280
11807797575
94471461461
16680423067
15573344332
25094328820
60571319986
79098482471
36059861459
77470145669
85029969851
60810894953
23940501983
21485427246
68151564081
43291466289
50621620898
48472381323
88634700171
76117199430
78911862843
81515894011
77481390660
62228246871
30740952556
10876375622
52391350473
14058751716
67400605271
82062736982
31825538604
93840503726
71094079401
60375626179
76401625418
64982032150
26957344780
49863426956
71192083382
60880903768
93042921019
43744814483
70149837944
67278109584
84103523386
31949502744
89672356353
14266858099
79586152920
46674859319
69427730743
94767479289
61294455662
12924248995
97179073892
44472757093
89854973651
44755382992
76748963448
35797892025
67425223179
22326627435
88032236867
31157312704
90421729985
89678876452
20643108893
70816370401
89823167688
59676559712
24684296617
39716060547
15915042715
33797130998
56301886288
17583714000
40729475351
47821928093
94090811039
77238797804
94298930618
96514428616
32339510376
38259724525
61619270135
62611350511
43369711687
87155660341
79205642986
45957185168
21852538549
74470800155
95046798802
50626980751
17017256529
82094820569
53770245488
46223975966
93572340739
75495660130
18207289325
69542007653
16483878364
80903234663
13822248543
10772761737
21768283624
83549518878
81450571000
52335667863
80206252233
80909410798
58521747482
57743858040
37397948151
24214775992
45105113967
85512985994
20655462101
24278896278
80883314418
58379646482
84722530359
98782971694
66152177950
54345451977
67006127159
49440957359
15103288618
85901060029
21793719471
9304307567
94919787999
84127770350
83430355822
22115988699
82518646592
35832987629
64429426721
12292379288
34115270735
20175664637
66008940375
51740302439
48270544356
37825857678
52745591262
14169817363
9151153591
21723890255
89269513075
34788010289
52345775585
14738417926
71576292541
86554866162
31550906125
46310617699
54920689522
34975203911
61877711382
86306771857
45760961102
9681430600
49132372660
43524298645
34265834564
40238554264
77641864984
24034811306
72715941975
34320151667
96625086372
15045627178
67955619621
50900678338
10230436608
84991667592
88114639377
33583271304
69374076765
35967274820
89062370256
54176016228
33918501004
47803500492
23511065453
27790525491
98016743101
43140560186
94140232106
62460890028
43817901341
35246220159
80926151955
40129703726
74480246005
94238884762
88321612864
96876137733
78319405142
42824781605
66020155940
52677189630
33326146026
55241544986
31193072310
38773239626
90406556159
18775770220
20145911939
18424183787
22382208239
65412436731
24409051938
9455940720
24625041268
9173228534
13239339214
70764571679
77446798700
41946788315
41699357637
99326845774
79583145662
83629556928
9582849335
83026859177
27134532423
81683331338
26414532180
39513141423
16870662116
25755539331
99128902895
29168018165
99715154792
22543468649
22100089214
19864827505
34026754902
80225410990
31497844400
77255218951
35748064343
98436122643
70432485232
56994766011
85619688902
30559523786
62957356767
70599997107
41168668607
54781375467
82150162108
78572578350
10463000160
22318652419
43048474409
36597386094
71312799652
71423622468
13259402936
9873119161
14246505478
80863099601
23758315620
87402318778
33241140423
67925551516
89347383368
47465914650
56037009759
56464747622
26565263671
17241348392
87572456514
25387635112
99034464049
67327449312
20129937214
21689834590
81026810062
32326871797
36213671348
55301237799
52244248636
23484064303
26663930750
12634244216
48323424727
95764076163
35890043994
74213354638
63572820268
86422863712
77991639429
24876267999
64164182486
16978715663
67260249476
32117332055
64136806161
19312975750
77903392919
62740732321
9867759664
67568715423
72543278586
27571839991
68053879175
82988245814
92885314396
19070149359
19765490923
61186641058
79105673313
38630328752
98295362664
44508722490
33251697042
44720439526
43199875598
25945564086
66756904375
88615894554
49916915003
92572546096
26902091839
41770519372
76509956072
10950020814
18520938014
16296623879
59658505952
94027603955
74914513629
84543477149
75950491747
67486030407
82439103885
71552813655
14291047352
47545452113
35502182780
52336112526
92312176089
25820474826
78403457565
13571179136
65749775558
93703321254
35437084638
17030978414
38912855585
30486576471
95401768316
29940640000
37770326105
50622457319
44468381264
85886806487
75501300538
30821779444
14929191440
15524237519
15318657147
24373576755
88307341237
73355308239
76835369709
72209507594
16468418619
30575648858
55073036958
54857558035
46668185811
37984802104
77426060607
44788705050
53033723127
54310083866
24014057175
92891540996
74099724022
77868392076
30125572576
49206117500
81232542193
16840506481
57209164059
14042407513
31124477057
37981334132
47696472354
93966715092
11015882470
51904797971
32076765020
20978632284
11465271400
58276692840
78663729114
53743473578
19999328893
37727504530
54969940731
78855290474
93978329774
85104858361
74647222292
51268669955
91816784171
58766501926
36163030919
78705912454
80600572804
84918830604
58171813362
52963110055
87398471936
85614512489
76285070299
97884154277
23370871740
82560803983
90694948789
18897750128
49327644014
14540641892
42380069766
64186441433
47518090681
47528004463
95302229844
89737213810
67670444719
30081628377
81854743258
28286555522
81283201341
76589273024
74292941310
76053926372
98547348910
54560824183
66297482322
89996579318
20230485630
81158927941
75220194801
62721166460
29941087119
49246241352
37695900938
71060110437
19931187386
32636455558
79595880964
69879822577
97565211690
74825457078
75958720681
83024178609
90660149929
51637729829
54030481601
41355586480
23686788654
89340424835
26244496745
95819788307
96066879516
77758312390
99878640515
98602541517
67324093598
45603910956
74962874799
59451105326
64833702895
50812952801
34290756553
86422689814
47725958325
38062970430
66868528518
32109463188
16905636672
32960050458
19885491608
30319703517
96007009390
95171190934
93990293411
72568472382
34279268539
34916171540
60824743095
26436192139
47003919239
10503735679
63477621527
34342556533
24199655681
71301201857
49573259642
14081657167
23505784864
58014291675
24617269478
30437952541
29618689552
76414813391
42129586630
80486518667
87042239454
79824914340
68869175473
58064565190
57272622344
73562557403
73099278591
58154294498
83935502936
77361789675
59741758727
52191150742
80236838915
78480700970
79839877637
69302698819
69118703911
88721364424
84873389043
57294600372
23940314659
57143205705
59815172010
83124238967
86612126469
30713648509
27570763166
10128919912
30779258483
48025099847
43041856716
20173308713
21796486497
28035124283
84789366308
81681237831
52392037569
31353137238
52768583361
37248064349
12050162895
96889340262
80654904867
60462037119
22862676887
82636515732
84777404275
16649293608
81805479676
74668348861
15716569297
75900489626
64659071250
57198913881
33530048460
85930403469
18528019292
87670679758
32398109266
97182914424
47494991045
72536528706
30228191020
32499209712
72543422165
91047006023
29725016907
19887445176
66518376052
32802433908
85319325078
60727970127
56795260466
28137253797
96572555267
50174745687
99719427012
22032095121
34895704898
54034150377
90980175032
82606490606
34853177558
38608827031
31393789904
92151250666
62820084018
24580852251
78063468421
61700733847
59119026263
60392299615
95615794793
79193176078
29973705875
73987789761
9114784631
61581442370
38059423312
33373336529
18540875118
86064285523
9269334635
9486592771
88941409955
23360757557
79959505827
51570841774
65833691601
46236767584
19128113383
33787357221
27907230254
98112212963
84261206568
26352730734
73234921121
49530562853
55179287667
46984593956
44487767486
80739297147
91422557130
70224292836
17083716103
18174326663
87717762142
36602090022
10360574885
93348588809
74609681607
33190448080
58020643872
90416391879
28356893417
40938055103
76997809424
41874959868
21396028778
9131301428
45468637726
88804189567
63110315244
60389295360
99038671402
44240142304
79323399385
39840924598
28591032197
19522989682
50123597915
44341249518
95249714154
34951281254
82321123815
94187447768
22780124202
66068977045
71600975695
44559696740
32024235873
48818087793
34714197352
32632650187
20687495250
45102090291
47490324705
36785088277
24082347038
63485378625
83301619856
99316747698
69449739510
26289178633
37906416044
47427637690
54144734394
71426506984
79876965066
14398890890
80049587263
82590320219
14407739969
84138242858
38775258344
92972318018
87883258516
52234291888
93832727746
40673617859
75608957419
36096372625
73454620239
81253112022
35993289919
46818194915
66324103587
30437330212
30316385647
98648607763
14061270643
18396735702
22876747380
20800445699
67454615637
23007616815
98941792053
50784765887
93856901054
52104607632
93219270551
96386408970
47452560672
70893083188
17983354382
71784330219
18918678414
75762567555
78428996673
11378922669
25029662129
75332478043
64981090005
15845083589
98689598568
51398719988
82011789962
83570132030
27535466893
34377733959
71643948712
61727846248
64846409495
34661431569
28028588697
91381593592
81038168756
79715604190
33050063861
57043123234
21037544356
90617151228
43251037823
20726387629
13883904928
35499333684
50138644610
88685696195
74571238634
77011206136
47323896770
24659890739
92370585858
77991636597
82125612598
14240952159
55086409785
20982618232
64058799038
12473751379
40791986668
58586395484
83745603479
67350949056
52559281206
17324130695
63742490097
55451754040
38416702326
20669972066
10802990681
38274275071
62403764663
81897123723
82575582510
25095858483
48125843375
68906165788
83964326297
62169519219
14301157789
98083163798
85531657112
10694402636
89659059989
44471070406
35802389267
91162103020
10265952623
20806220777
37625183719
96062128144
54159305725
29154316855
62316975077
65189207434
45553869310
51767151171
76263698885
44570241857
93860890378
99537678156
95104466915
27749628418
90938765017
99806500530
9045370099
51189243293
52603770527
87501795662
85109918946
61689045920
44261340318
45846488997
25570436518
38925742013
10811486825
79540112683
98240405184
31189232887
76350899744
79803152336
30308573434
24366156567
37421542389
30967500645
48279794229
27725423881
26203931372
50630302168
18645633380
59575175446
21906007089
89149487573
69733904994
13292642890
39252070593
18644446526
51241875253
12341567524
35780534216
21205923191
55200001025
50324198508
37058860173
83342394806
67851668449
16532177420
14454472099
28706613051
63061823246
59602988230
95641423608
72109629099
31108162135
35405913207
68551409736
50584306677
67267361148
65012308070
61031314779
50750584756
86244143713
30142051002
78798733373
82069897488
63547861167
29422992477
25043553945
77740289716
83192608328
86656931913
87437846145
92515364546
43849367204
66976172778
61720853348
15124759729
18838955864
67953795478
10701514808
52897273489
99242062433
83202882245
15553634701
64093569843
38197519597
42889963856
32044801023
48469829675
49201642325
77661812216
37029569540
81574800295
90091783086
81735186365
91194220846
17206615090
19479558081
34393382480
18584934709
89504575053
54977968105
41443453206
39432600209
47194672128
56269441853
20503327627
73245109080
32804971457
90599139710
94891089635
17855185081
41775785990
70607903650
42752900224
65794900798
69053359143
95507273044
74871845936
88316823793
32752946141
60332974689
96602661065
89691128792
26370875517
34348938994
36798023480
32429398547
46572058874
31816244192
90652219822
85635643649
30303148997
58921081888
93995303665
71075680681
89601048397
9697459829
17989943882
61988540224
28167459372
90739914358
15525617255
60052474671
82731837117
18896230693
83166510532
53167702481
14786350606
51816519004
89639343369
96116242720
39154112295
9399046079
13599226077
35635743579
37269621692
50859299802
49715967628
30187417862
27302663836
41597225742
63989309274
93315641258
41826523180
86048280148
66386272977
33971665569
56686952582
73477116157
21991282490
23743543820
42437489935
94573821984
54394295305
37024510476
40783512498
52328867186
58550395029
46826556882
28863384317
77905728104
77571146312
36988318832
73757989268
51340205784
78054430196
49132283841
18394586762
56711302163
21774241966
31106459101
50140430660
99906299702
28426700693
23592672669
44019669515
37466255253
94723637994
22138463402
17446105134
51568446537
53581456948
67885781885
54716600094
43447975629
19511169667
48034471816
21877012757
22037519687
41375953422
48069241620
24172342914
12523113778
82198928619
54252490680
99419769020
82141206007
50027636047
9687775243
46300192618
97773777138
66613726140
96244774690
14619913403
43310623654
50319304030
30630245835
62418616184
65406524930
64739149571
55481413472
69352367892
50122798292
78275828351
56863539388
55413968197
71447188841
56260739983
77177551585
62928587233
14181369079
19074926723
16018693383
16448872363
54326688058
32870621031
46701695099
20187009911
87782719767
98459576953
39890572519
49680448116
97470105651
54852729890
75992680512
46357282076
79384991063
28446526615
37807152783
70366678610
57377804894
13556920388
38545438323
82486456906
66937260962
86588636056
19189570323
96696994515
17594026934
90655390385
46939129966
64606677509
76825276702
44274019627
73368091861
26516938184
10098160999
99910469514
15801914859
81445719794
33325483069
49633178427
43145576959
99286088352
83168592174
96455579253
18934457861
93057133995
55485161393
26703121312
75921544331
40273820776
70843835408
25674444959
17846529494
44470617421
30646160916
73547984797
58511786861
13233268376
80469707935
24671414892
52390338885
18106688973
39002521698
48618607007
49526095501
92996752072
74433224419
12701577678
26052151882
73067092907
79802857035
36775801896
16465508891
18298685255
80269081744
17120577178
29870856351
71323978764
13258050748
67565114260
96742864175
10264868050
60429526428
50446322466
35439637798
63252217073
46563001425
79797151752
93582555299
70557243672
23757709798
9481982350
52178350688
86252349985
34182308818
9543501581
20349555878
37078249111
14645653310
33398532936
60496344090
75889583287
84744821361
80279876810
44255821243
71051935738
48895157305
99561657348
75398687111
10695504617
68811066305
93443947355
62794181362
77016998822
44739221770
12776502380
88638812758
45193089206
11590326118
11821041273
82537133993
18457506977
14657355632
97474334056
62082544777
25958575866
47392546138
84860932161
26797818483
77829953098
67252095287
45482753868
98280898925
77932780226
11097870024
26720264136
42325791855
85426292543
64130675833
17426940322
59889838370
39114398398
79072795224
26385953356
76065303891
17249169685
64321661341
60060972774
90783858408
39501484807
32743546420
22623730529
27157969010
25507548553
32098772457
18851318883
71644414876
41278309847
85026601326
13623882539
57195208769
20952082877
30448045636
41793427556
52106917902
41544253099
62551295146
47683410054
24053209612
79009356707
31143394694
93354144705
48916920988
29872128500
97834195441
70017488119
99739491890
84303067328
66349682602
99274262885
83304594566
84666505874
79929428584
13249549392
36211455053
54720917715
19238590929
32039350717
42594404668
42434796746
26864280315
13461885430
57236184489
33980938403
67471636916
49244119456
61368111376
41231843999
65595811839
92176803083
72851303266
56348612061
38288127339
55564631381
18623749233
10642131528
80905143622
84117864668
99772690273
86551536906
33558984485
42139941440
57361884860
88913768207
81586060955
75452593569
94491915698
42296384289
14880086520
26023390408
23753243644
28468913388
68649166290
13794159877
39190881744
92686289476
94442049775
75292417029
10350584060
64991703924
25290129442
60183987355
56087429692
20763718909
47458586824
47663024798
68115350911
30389081931
18974260562
39150134436
36270920293
11065794682
38341840558
15882163877
19301064079
99325695631
12046264187
11058568163
50851830724
26143876835
26681917758
74141679565
36876468627
61615169050
72708421229
38359987430
12207907613
13455034287
11437786220
73770482103
43749751442
82498195767
79525408311
93477022160
83202587015
52838393081
24932533360
56382286586
81484807556
79387554243
93436470372
17609964627
18648497846
56186623167
89995707569
99870908405
83212587695
41569582760
89912336142
96307064022
59380469774
75727740667
54072687705
78239638891
96845322701
96066818417
12513266882
56813378899
61227756073
26006164909
47276014598
21192500513
13960310740
99241378996
96848771227
67072301701
21496846283
84503082743
70297116065
24501857489
32415734588
47354403312
24011986586
90689017942
97751790974
94133571534
64939590549
60271694110
56734470344
67800163507
65145316994
38766988665
20147836868
98000774921
97582578978
16279170381
71359942778
83790095740
96039230597
28854929191
21323378604
33812447142
94303548808
76357712566
64598600188
31301040566
9453992592
52998365925
17032006105
10572253445
23090113183
90452049293
19440445684
37114339669
86192856108
37203338013
29347863884
50141450001
48539535915
44343167047
91089225727
75105586996
48801930077
34473607644
16806065637
58801140220
21518485383
87744753564
27558341471
16910351450
92175270325
21255295018
60315449316
10178934271
14648299334
85119854777
71949962325
77330596102
91351463587
53201769121
38304679725
94990969765
85328811130
18239305192
74179037070
73020402366
15267809560
95821321990
34208315739
31226337823
97340485629
79175771506
76725743492
58861922673
88310658029
76013902310
82697796357
39872158863
40059272482
61499310151
54626536288
78284540528
89309065729
97560945115
58391738003
43926618053
69700689651
44610221163
33589368762
88900526893
9881096776
42009692113
75108949358
53532057490
46101160152
33642139935
70160136640
15830613507
71222529731
40569138913
83761401062
83094047542
48601642942
91799774761
84209922885
10966788810
10624319957
65676822705
36590441109
90193884146
79942396334
61424135823
78246059844
16203781904
40748569212
73327267392
34117628151
94867666236
83422630213
92379398364
88681493033
85084884572
50701198970
31209679292
40858582650
98380884994
24007710411
27364134625
53161797900
45508776124
31571311074
90299572327
80663338116
51203004176
21249697507
15123749165
16607547507
29677527385
37670771664
57908276538
89052425644
42938307131
90598675529
12106658392
10400732553
73530556170
20093857962
81582111005
86450709882
94835208444
85543398722
35091738298
20332958810
41440833556
52205285184
12564865641
13236929321
42607042163
88921744926
74791986115
61081306524
45385351696
18602419912
65329513104
63861015715
84109023773
56529666637
32013617933
52686895722
26316176078
88060057406
66755647822
26086707745
73730729666
22655276757
93812230629
52983391882
51569706122
29051024179
37692410303
45157688251
57355052115
67908367971
71562075525
99770160115
77250509991
94305421520
24701296536
20948353406
54625401997
59146360831
19812062146
70048178150
9197261649
15438148089
53881937532
20189479199
92245599569
74588004814
79469697003
20558823248
60292569018
60825978706
88673448149
80223539765
19245481220
23870003805
50985598851
91248998415
67850309720
49488332174
11378800381
50102912604
14201048929
78817729810
29038764803
24595761624
72395486688
44431664573
81703708534
49212349057
11883857563
61101171554
84875007242
67725100714
92443401030
62475124570
61488225659
33541322253
97806904584
16745884040
68857547993
69960023741
77959307695
76738320909
36835107425
45557128999
91830235334
54178356711
63833084649
48371836083
11613381270
94369579432
39216935105
29394485389
53965393158
30701198261
71481646437
62350968683
89710255293
71536201165
68502773533
32920391657
89189830991
22627981249
89317975029
98069059089
72872561128
18621817384
42849478691
24758208064
59194328530
86551757487
98319298132
39788843287
57922619669
57472066141
15917710896
18195865607
71980698538
63003872431
38672106722
44197895431
96804927362
79072092193
25326480005
93251174254
49808688975
26537996577
55166702207
73848699573
49030889307
83981086245
80585855893
95091251563
57984876224
29938435748
36260551634
17246981055
51387910936
82486210125
68433525161
38060735848
38895694590
99417970684
82792296266
56405528572
59883170664
33737938829
83377586042
36408773196
95323510788
20544278079
93112427221
32379460627
39174548959
58682023375
52222341612
47553112602
23225853567
12255274176
75236799911
22819485213
9831832496
29200964839
52614323230
61434317092
57497564490
41406242689
66998976004
26093992174
59501183126
92868545138
86521294517
18049931061
43679719577
86286094987
63432110272
34191771926
63717505023
23579373717
63889508115
57964279615
67860240833
41664615237
62117739109
83082930379
19528135169
33546464723
28694688896
13474160397
85023127619
64101934631
87851967056
93418864993
33563090469
36736980818
15817373566
84425441271
70359413675
37351845439
26886158531
99708354958
21144867394
98369891659
45378030672
64467254602
30921669779
86675976055
75265036920
42273886713
26450604980
79581748814
36350540965
36002963290
98038258089
28063206300
81016620867
83051255467
49509329461
20158852375
29147218875
36332705295
61569310702
51646645122
25834919931
37841930049
78468584850
90580772612
46870664110
46916546976
83316105400
40812427861
56129848441
94807175793
64695266295
10673806191
86558379321
17285104185
49739800544
66458553068
42262284023
16269772307
83918483661
28830368324
93195773083
81157228848
59640522654
9820620585
58900340002
29964616577
22478649727
39230457809
81973502269
26888883157
36533948299
10509228139
88368810906
92494791841
36862660413
30747356425
97148834249
89920887765
91830863342
94193162989
82313122331
19568186146
64015692209
78497253598
58503856347
36560692743
66941598594
77383089382
57096712165
10556586794
85292306596
42491582324
71420930083
46960519458
10970894130
84378516668
53143204133
52689102312
83257597335
76620845681
15897121042
54289365236
49381136120
39236538412
85281573215
84534001117
42088245922
20811984750
74439139977
53070649079
19207221747
49376935164
28066486818
59601602440
78663921937
93897582004
77390873509
96534460054
34867741090
40913699387
78029319219
39422267439
11524006501
59080150924
84955946076
57515653725
19935467206
39027352397
59252118660
44282886541
80141291166
29418808242
29093208897
28048972267
74438957314
82999099746
54672647371
16869532335
62037492005
43215877201
83204047110
43929174938
94933294974
21371947967
19822629338
28568112454
95904437601
83962604875
41064973355
39069397503
69785947886
86492753704
58691064731
69399505437
81733201130
93842999298
76204799083
48881426468
25983467535
54424082244
22068180024
64034463149
43617783003
91173027823
80963972132
19130444173
24837356199
53404436696
68168740369
28877684024
34122125417
25734630029
14810334481
9110139393
71508340989
9734511041
16437864280
37183900995
48681854735
20382055297
26498996920
61940626694
32649583238
44476973074
50083039451
74804484231
37614420942
80660998622
77209176086
63855162492
49441618505
57411024873
43120008434
63260056731
42914015764
44665668844
37485508151
75894044954
28190460850
75261371403
93364678175
67615967264
76095981807
59045320527
34000152230
9098761010
22542263523
96900990556
20547778408
32639173014
16508713591
21183718196
64171918612
27994797800
21841768012
10225500474
66594351666
23179414700
76741480850
43554203654
73619395422
44530112483
33597821399
20698524840
33907392702
13093244258
83055463609
97117007479
91172360416
45145664541
83687164522
30116453305
64183830621
51382333924
92666625671
37163562072
67389534850
63731552836
34360766489
92785447501
89057243592
44891931458
69413622814
76192491356
69576111991
56243951839
23303803830
77075216452
79776322598
33461724941
72802821986
91177742782
26248854862
91111736911
93047215065
13543741040
36804793361
87257052295
89392162591
45403915310
13197849765
32679015535
56167672715
98979627474
31598332186
62007462567
71382572194
58673217456
93831801696
63168802488
28522166260
55351455624
51183041192
70876789913
88867758803
16235801591
96730077038
65880067317
11779274105
44306919220
91989708029
58084593246
93897658315
35523040103
27760697401
73663480718
13887756253
31789479293
78440035157
37103877285
26796938033
30416894659
85448737718
65706820618
15533930747
87009326241
44398358435
83981876144
80369578862
85378321454
64482704711
31895967124
37009666911
28311367115
90448829361
89358395728
24905462710
15617451691
47993405689
43831889744
52178504735
48685472440
78460867937
99858155881
73401611060
21998816701
66263275455
10036274260
96408039722
85528210250
75431169407
84112017276
10786391708
96928878475
37637293294
39556723099
39198921823
29810120626
16316281299
95669852848
96286673534
46604912749
12756498326
13308880785
65251754239
47766427095
20031189739
17724496836
97151180921
48368966714
70011138584
66140874791
69060427925
71216301724
16732272743
13760902812
58405903691
83262745986
41760732917
90896246002
63462890800
42889230876
93752862697
16210742784
31959214016
25928805621
97708539920
39185574769
52814482938
95584573422
71187941057
76533678798
53263642671
93272198390
89555610273
97856812263
51760333415
83262149003
91339798760
67365944900
53495757114
75480942016
16749332275
68083865694
93952940561
41589364538
96655809553
64701142552
99954571321
45091981369
56877386006
88494064472
46210822824
57492685964
86603558606
97646206097
92415117103
97847763147
19931641587
69699444224
78030401367
71290000642
70294302671
85415893875
92024662994
82231923369
24464077970
52473459605
41441057443
98237721056
42569857665
63104882033
54275146106
55165330921
52153642011
86192508994
89183279355
78295180977
25152733554
28261126878
99260766186
12378805421
22447558902
85569541810
87070561963
96229583327
23266381046
13712931425
45004112830
91443794094
70491617215
56472216501
89467511048
20196431011
43918412633
26754630126
99269174099
14247642310
65377615870
38623705600
28495103898
95146921428
39936706172
91438779741
24623513598
96260041203
16517688051
26076917542
25374446910
41933968098
35045905647
34571101550
30207357373
39179237234
22610822927
9422822939
65637253977
56990820706
16567334368
94663986528
46762550217
73061213608
84240351223
17930677073
92610084035
62414599898
96495584681
93815650564
35118659948
91935838595
97812871622
68682979375
43544810653
80226140257
89422107427
85327406313
15556600380
73593946067
73597531144
72734675060
98493476267
35100103244
21231069336
28815191552
74545580036
17921439623
53702525683
98521792084
85880082943
50588384689
89582198569
80003149513
12943349648
56346580678
90456171485
14391223632
32936510004
75338636248
32750530522
74404710497
73608984006
79411399463
85015290597
31388008830
12248453359
71936154497
28854523643
74022973044
27774132787
29374097468
61206350448
79576380094
50827621509
32505878246
24023693337
88945928250
47697717342
92920882887
33367941872
24884764320
12572766666
74391015267
67822036048
47228033985
72485828436
48919193711
13921437891
10413434554
14051837711
83072359200
30107229905
65114889219
59269151430
92631233824
22668185043
80990176499
83331565396
11231698799
18333876985
27864186804
77241844533
96464207995
50766611395
21510008426
59711514389
80909843790
34986661257
13926193743
20276369256
95750808610
23970682206
92896302484
15357453679
16901299442
20318572045
81702914618
71650763934
93417957069
25376411715
74853096855
74005696818
29163778217
56361759466
12467410182
60681621700
77720718206
31036810142
31608380533
59680460769
61312756677
47327803923
67355238236
99380409970
20940087589
35904194543
82932907672
48725671909
52791394917
28816099849
31561919675
32472380051
21884964561
91199562038
12053811451
45162017093
50220389688
95328155799
57191016469
87566203629
44759410902
23882396974
33878035268
28490024580
88505842212
23995005115
23728706944
16037594800
56526760691
54720504905
26356033644
68881638805
15593350808
88631384144
72116718683
36430797528
82510597807
14343124386
21557573165
25314828145
14794612547
76001919084
57112090927
60147918642
45233240400
33443251309
60576595340
30081594367
81347918745
96865988304
38612659907
79380294077
78076821750
67121702348
23659835792
24865174223
51147284045
82274662183
94577341059
33252602608
24451992101
32514691885
84542225262
32559592727
63262328531
91916542378
83238177010
46021240755
95436672894
25231440160
31430835046
71335225142
80566636340
91070690231
28163901295
25879215748
56810357552
74937930018
9493534744
60130005402
59109689772
76270400393
62066246880
90273531696
64327205648
58895426779
87545058191
82964086058
37249836805
22224487511
34844445033
10004782579
12480598569
67635886768
10107981820
23217922660
55918183417
62259762172
70869407176
61424118750
48566083304
25412339814
24851355496
40798592373
91138110660
10970139294
9513015763
52823622379
21692687906
17989254948
46772969239
84916055814
77546461578
54689328639
97836744461
80822507962
28727172739
70436602270
36203049015
62765235224
54037550543
73683072352
34494646887
15984443803
44995175536
20383862628
65423573434
67062013874
44810811226
92458918860
33799933124
15936111889
94414866522
13418967419
31492352874
81866443558
49975610523
99233317440
96527836295
82828275683
28614094252
57127295130
36838236055
82189781955
41986681498
23467284643
34526742816
20115053399
21534510658
31791944921
40891750228
26676078362
27492698846
29665003988
28335353275
52971319035
64373854992
61354462894
37185901919
10687087959
52084871877
62830188423
58644277695
10332010637
59657668962
92229394098
67272985711
73743279660
99859204651
64425392246
86990733608
11781280149
48557582376
36201570236
51483349529
70760743035
89983301243
89676594055
68322711431
9438651341
67381248529
47651946988
20723210095
17204646623
61154156680
76489949389
27007732250
28289042397
39718193445
81196098185
83801773879
29285408443
10026074763
87567375457
15287636276
70063886192
11108222222
80431334215
15068675805
83532062174
47873147251
84699713878
34866869141
60459907890
17830528970
78910757679
95493447083
46910562652
63736243944
64664544782
37755223241
43043651199
32994807171
48844431166
57679186990
20002577285
33116036206
41389332049
39676932744
31278545977
16065327002
83692722654
74867505319
56623580622
37225981324
30888017369
91464005499
62715026455
16561281748
13911317970
81882903256
79693984393
64277822224
64321475885
15541488889
87721058077
29160003176
28723196577
42194347886
69052621839
63052534053
90940867123
59041589045
13341525224
81619285710
54344869553
57206741479
43664602813
75520725420
30974828146
95068123627
98391498187
56819199242
88083111440
13555548208
73480524708
19518590987
83615984154
40024383779
60017999687
19830207471
85006480297
35648197460
16936253342
96022895789
94117149103
32891405340
45795065570
22789558317
98158834659
96584087084
12486161917
88592853563
93497365442
38607909104
59108928950
73858918488
89033805131
38762616355
63986846126
76918081644
40166244049
28664680719
22170269484
94923679952
45912637902
56920894717
79569943689
33400571116
79430817521
66044041694
59405699835
37999109021
14719560697
85397114452
86384569507
35427755022
92540131160
22594246999
79876388969
20858660674
97007733642
11196162215
85861083537
14230893741
64785025626
33827200134
51775968785
58625602447
40022312342
19283691002
88939245467
9031262790
66273505963
36728232615
85390616623
57705742860
66704822246
75047369653
14715645879
73582519151
20255475027
21828402674
93300827438
39977955749
88691829196
92003135397
34683946150
9308483376
71057598575
20355620817
66657925497
70541980649
92570620162
13824802597
80724062532
80539722236
91092446788
33167577315
22441395760
23258987849
52084114137
45135419433
12592118719
11345707427
40874113296
90733105755
56163387530
95926133435
16670228820
65856389772
69028272168
58991475070
84131463886
52571392035
44251004438
26586424951
40645672633
18717185014
32202856258
12088691336
63353555979
53481055043
71334639292
56736085592
90326969934
9882781911
30950451804
48258693048
40134505780
15870831833
80099202709
79948262388
97806758444
88697865102
12951173730
46162294987
80097195762
53914295321
43195912235
84186718632
42287240265
48949854595
65369119612
27568857920
34040681200
37290114656
66040210341
62664450806
97623139290
35630575997
65037140256
70510955093
24528930883
71985683794
84721020414
29482617482
80599777496
68872823713
95248761561
78544173773
28387976136
44531348348
74241295682
20823644697
9084637436
78818095024
29243208225
34206176226
58800067311
55338684966
46492088899
36855972434
9187909826
78066564040
18885004264
62493187984
70507288710
50602084104
55151628402
64028829042
36344029289
74582461555
79552211898
39491186782
78918973829
71070941519
42289650009
34972251503
42227099942
16311213494
87173345970
82844499260
80951958960
35365669607
18789672837
11960258547
26368231157
48492788869
43984482393
76998099468
46189695990
32818712616
21029185331
70433823891
41772230762
12624787908
45000768874
18339520191
43633320895
42097827823
76156969878
63100958450
33915708291
73266248845
67256685829
14754519589
52355176638
73971342921
25683742745
26362055709
19328342682
33796667233
44500511143
84126586600
91314918336
99075302823
67370566362
27213179702
34964289525
18485786869
88718048468
74022931392
89319464844
66076732273
49343962328
66541901406
95054754557
22186390071
41276710937
45460759410
14278871123
82395430402
11161316667
82411513164
67102687636
32398982503
57502724765
50076701267
65445859020
17021034515
81380589205
62776782549
31648826135
66612279594
43847645288
89949707993
66434565809
44359522599
61722058025
72330743371
13316009954
55951452920
62455349282
18286936280
25714000488
85748362334
85889318596
30435904342
37274545056
53757517671
44513199508
35661880112
18460858148
69265190631
76664396520
72297788996
46312682926
34050668189
73456332213
18960997623
35978709332
36308376841
38274858363
36102932240
57503474970
40261265434
17578563314
9663257814
79871191257
70447320044
69494080277
74442796410
12497879084
45155297988
72762822938
66682296391
42338507710
94469775044
71744671002
80226515451
64239444445
52837096308
52259378946
94658419260
25664234064
42594065563
91165547245
54362464051
54530464206
37437232944
28498399709
81831583920
75295174468
81331145385
30540185663
41971931586
65456248358
43148953515
43250603869
47987236907
73050843266
47078364523
19366082614
32959742708
24559266262
48398168841
85625237334
52695470894
77052620400
32128823893
66971941212
91884891300
44805197613
18176866407
38485825630
15445907913
53758456867
34851748874
81862116229
36914813517
99861821836
76281223742
37894350869
48676436580
85516562063
39390803023
44515108760
34309437449
68609613689
18960209951
43298217401
33789913100
19748642217
79947319045
64037255534
79017679232
9059626985
21892668907
24667906911
20243421292
46944276269
19409540717
73762188429
59011860864
32218736354
13938863037
23682114168
10290770809
33575034437
85933147224
84564998279
58403228738
25159560027
55274964393
54278704673
18398285774
9062551681
24228368803
92022418313
95374112742
12087682011
88898256160
69216184831
89126873031
79696798256
10018163359
25243080062
61442905504
85224557797
